50 50 2 1000
1 3 21
1 4 27
1 6 29
1 7 30
1 8 31
1 11 34
1 19 42
1 20 43
1 22 45
1 23 46
1 27 50
1 29 52
1 32 55
1 34 57
1 39 62
1 42 65
1 43 66
1 46 69
1 47 70
1 50 73
2 1 24
2 2 25
2 5 118
2 6 117
2 8 115
2 13 110
2 15 108
2 16 107
2 20 103
2 21 102
2 24 99
2 28 95
2 30 93
2 34 89
2 35 88
2 38 85
2 40 83
2 41 82
2 42 81
2 44 79
2 46 77
2 49 74
2 50 172
3 6 128
3 11 133
3 14 136
3 16 138
3 17 139
3 18 140
3 19 141
3 25 147
3 27 149
3 31 153
3 38 160
3 39 161
3 44 166
3 50 173
4 1 123
4 6 18
4 8 215
4 11 212
4 13 210
4 16 207
4 17 206
4 19 204
4 20 203
4 22 201
4 25 198
4 26 197
4 27 196
4 28 195
4 29 194
4 30 193
4 32 191
4 37 186
4 39 184
4 42 181
4 44 179
4 45 178
5 2 221
5 10 232
5 11 233
5 12 234
5 14 236
5 18 240
5 23 245
5 26 248
5 27 249
5 28 250
5 32 254
5 33 255
5 34 256
5 35 257
5 37 259
5 43 265
5 44 266
5 45 267
5 46 268
5 50 273
6 1 223
6 2 224
6 6 228
6 7 229
6 10 313
6 12 311
6 15 308
6 18 305
6 20 303
6 22 301
6 25 298
6 27 296
6 28 295
6 31 292
6 34 289
6 37 286
6 38 285
6 42 281
6 43 280
6 46 277
7 2 321
7 5 318
7 7 316
7 8 315
7 9 15
7 10 332
7 12 334
7 14 336
7 16 338
7 20 342
7 25 347
7 27 349
7 28 350
7 32 354
7 33 355
7 35 357
7 41 363
7 43 365
7 45 367
7 49 371
8 1 323
8 3 325
8 4 326
8 7 329
8 8 330
8 9 331
8 13 410
8 16 407
8 17 406
8 21 402
8 23 400
8 24 399
8 35 388
8 36 387
8 37 386
8 38 385
8 40 383
8 41 382
8 44 379
8 45 378
8 49 374
9 7 416
9 8 415
9 9 414
9 10 413
9 11 13
9 13 435
9 17 439
9 18 440
9 19 441
9 20 442
9 22 444
9 26 448
9 28 450
9 29 451
9 30 452
9 36 458
9 42 464
9 48 470
9 49 471
9 50 473
10 5 427
10 6 428
10 7 429
10 10 432
10 11 433
10 13 510
10 15 508
10 16 507
10 18 505
10 21 502
10 22 501
10 23 500
10 26 497
10 37 486
10 47 476
10 48 475
10 50 572
11 1 522
11 2 521
11 7 516
11 8 515
11 9 514
11 11 512
11 14 536
11 17 539
11 21 543
11 24 546
11 25 547
11 27 549
11 30 552
11 31 553
11 32 554
11 35 557
11 37 559
11 39 561
11 47 569
12 1 523
12 5 527
12 14 10
12 19 604
12 21 602
12 23 600
12 26 597
12 30 593
12 31 592
12 34 589
12 37 586
12 38 585
12 39 584
12 40 583
12 42 581
12 44 579
12 47 576
12 50 672
13 6 617
13 7 616
13 11 612
13 17 639
13 18 640
13 19 641
13 21 643
13 24 646
13 25 647
13 26 648
13 30 652
13 32 654
13 36 658
13 37 659
13 38 660
13 39 661
13 40 662
13 42 664
13 43 665
13 47 669
13 49 671
14 3 625
14 7 629
14 8 630
14 10 632
14 11 633
14 13 635
14 16 8
14 17 706
14 18 705
14 23 700
14 27 696
14 29 694
14 30 693
14 31 692
14 34 689
14 35 688
14 38 685
14 40 683
14 42 681
14 43 680
14 44 679
14 46 677
14 48 675
15 1 722
15 2 721
15 5 718
15 6 717
15 7 716
15 11 712
15 13 710
15 22 744
15 31 753
15 35 757
15 36 758
15 38 760
15 42 764
15 43 765
15 46 768
15 47 769
16 1 723
16 2 724
16 3 725
16 4 726
16 11 733
16 17 739
16 19 804
16 22 801
16 25 798
16 27 796
16 28 795
16 29 794
16 31 792
16 32 791
16 33 790
16 36 787
16 37 786
16 45 778
16 46 777
16 47 776
16 48 775
16 49 774
17 2 821
17 6 817
17 8 815
17 13 810
17 14 809
17 15 808
17 17 806
17 19 5
17 20 842
17 21 843
17 23 845
17 26 848
17 29 851
17 32 854
17 33 855
17 34 856
17 38 860
17 41 863
17 43 865
17 44 866
17 45 867
17 46 868
17 47 869
17 48 870
18 1 823
18 2 824
18 5 827
18 6 828
18 7 829
18 8 830
18 10 832
18 12 834
18 14 836
18 16 838
18 17 839
18 18 840
18 20 4
18 24 899
18 29 894
18 30 893
18 32 891
18 33 890
18 39 884
18 40 883
18 42 881
18 46 877
19 4 919
19 6 917
19 8 915
19 9 914
19 14 909
19 15 908
19 19 904
19 21 3
19 24 946
19 26 948
19 27 949
19 28 950
19 30 952
19 31 953
19 36 958
19 40 962
19 42 964
19 43 965
19 44 966
19 45 967
20 2 924
20 3 925
20 5 927
20 9 931
20 10 932
20 11 933
20 13 935
20 16 938
20 18 940
20 19 941
20 21 943
20 22 2
20 23 1000
20 25 998
20 30 993
20 33 990
20 36 987
20 37 986
20 42 981
20 44 979
20 49 974
20 50 1072
21 7 1016
21 11 1012
21 13 1010
21 19 1004
21 21 1002
21 23 1
21 25 1047
21 28 1050
21 31 1053
21 34 1056
21 35 1057
21 37 1059
21 38 1060
21 42 1064
21 44 1066
21 47 1069
21 49 1071
21 50 1073
22 5 1027
22 6 1028
22 9 1031
22 10 1032
22 11 1033
22 12 1034
22 14 1036
22 15 1037
22 18 1040
22 19 1041
22 21 1043
22 24 1099
22 25 1098
22 26 1097
22 27 1096
22 29 1094
22 33 1090
22 36 1087
22 37 1086
22 42 1081
22 43 1080
22 44 1079
22 46 1077
22 47 1076
22 48 1075
22 50 1172
23 1 1122
23 2 1121
23 6 1117
23 7 1116
23 11 1112
23 16 1107
23 18 1105
23 22 1101
23 25 1147
23 26 1148
23 29 1151
23 30 1152
23 32 1154
23 33 1155
23 34 1156
23 37 1159
23 40 1162
23 41 1163
23 48 1170
23 50 1173
24 2 1124
24 4 1126
24 6 1128
24 7 1129
24 12 1134
24 14 1136
24 18 1140
24 21 1143
24 22 1144
24 23 1145
24 24 1199
24 28 1195
24 29 1194
24 30 1193
24 31 1192
24 32 1191
24 33 1190
24 37 1186
24 39 1184
24 40 1183
24 42 1181
24 43 1180
24 46 1177
24 47 1176
25 9 1214
25 13 1210
25 14 1209
25 17 1206
25 24 1246
25 26 1248
25 27 1249
25 29 1251
25 32 1254
25 33 1255
25 34 1256
25 39 1261
25 40 1262
25 42 1264
25 44 1266
25 45 1267
26 3 1225
26 4 1226
26 8 1230
26 9 1231
26 10 1232
26 11 1233
26 14 1236
26 16 1238
26 20 1242
26 21 1243
26 25 1298
26 26 1297
26 28 1295
26 31 1292
26 34 1289
26 35 1288
26 45 1278
26 46 1277
26 47 1276
26 48 1275
27 2 1321
27 6 1317
27 7 1316
27 13 1310
27 15 1308
27 17 1306
27 18 1305
27 23 1300
27 30 1352
27 32 1354
27 36 1358
27 41 1363
27 43 1365
27 45 1367
27 46 1368
27 49 1371
28 3 1325
28 7 1329
28 8 1330
28 14 1336
28 15 1337
28 17 1339
28 18 1340
28 19 1341
28 21 1343
28 22 1344
28 23 1345
28 25 1398
28 26 1397
28 30 1393
28 32 1391
28 33 1390
28 34 1389
28 35 1388
28 36 1387
28 39 1384
28 40 1383
28 41 1382
28 43 1380
28 46 1377
28 49 1374
28 50 1472
29 1 1422
29 4 1419
29 8 1415
29 10 1413
29 11 1412
29 15 1408
29 17 1406
29 19 1404
29 23 1400
29 28 1450
29 30 1452
29 34 1456
29 37 1459
29 42 1464
29 43 1465
29 44 1466
29 45 1467
29 47 1469
29 48 1470
30 1 1423
30 4 1426
30 5 1427
30 11 1433
30 12 1434
30 14 1436
30 15 1437
30 16 1438
30 17 1439
30 18 1440
30 19 1441
30 20 1442
30 22 1444
30 23 1445
30 29 1494
30 31 1492
30 35 1488
30 39 1484
30 42 1481
30 43 1480
30 48 1475
30 49 1474
31 1 1522
31 2 1521
31 5 1518
31 6 1517
31 7 1516
31 13 1510
31 14 1509
31 15 1508
31 17 1506
31 20 1503
31 21 1502
31 28 1550
31 29 1551
31 30 1552
31 31 1553
31 34 1556
31 38 1560
31 41 1563
31 44 1566
31 49 1571
32 2 1524
32 4 1526
32 5 1527
32 8 1530
32 9 1531
32 10 1532
32 11 1533
32 12 1534
32 15 1537
32 17 1539
32 20 1542
32 23 1545
32 24 1599
32 25 1598
32 29 1594
32 30 1593
32 33 1590
32 36 1587
32 41 1582
32 45 1578
32 46 1577
32 50 1672
33 4 1619
33 6 1617
33 8 1615
33 10 1613
33 12 1611
33 19 1604
33 20 1603
33 22 1601
33 24 1646
33 26 1648
33 30 1652
33 33 1655
33 37 1659
33 40 1662
33 45 1667
33 46 1668
33 47 1669
34 3 1625
34 6 1628
34 9 1631
34 16 1638
34 18 1640
34 22 1644
34 23 1645
34 25 1698
34 26 1697
34 29 1694
34 30 1693
34 40 1683
34 41 1682
34 47 1676
34 49 1674
35 3 1720
35 7 1716
35 8 1715
35 9 1714
35 14 1709
35 22 1701
35 27 1749
35 29 1751
35 30 1752
35 31 1753
35 32 1754
35 33 1755
35 34 1756
35 35 1757
35 37 1759
35 38 1760
35 44 1766
35 47 1769
35 48 1770
35 49 1771
35 50 1773
36 4 1726
36 7 1729
36 10 1732
36 11 1733
36 14 1736
36 16 1738
36 18 1740
36 21 1743
36 26 1797
36 30 1793
36 31 1792
36 32 1791
36 33 1790
36 34 1789
36 35 1788
36 37 1786
36 39 1784
36 43 1780
36 46 1777
36 49 1774
37 1 1822
37 2 1821
37 7 1816
37 9 1814
37 12 1811
37 14 1809
37 15 1808
37 17 1806
37 19 1804
37 23 1800
37 28 1850
37 31 1853
37 32 1854
37 33 1855
37 35 1857
37 37 1859
37 39 1861
37 40 1862
37 42 1864
37 45 1867
37 47 1869
37 48 1870
37 49 1871
38 1 1823
38 4 1826
38 5 1827
38 6 1828
38 9 1831
38 12 1834
38 14 1836
38 18 1840
38 20 1842
38 22 1844
38 24 1899
38 26 1897
38 32 1891
38 34 1889
38 37 1886
38 38 1885
38 43 1880
38 50 1972
39 1 1922
39 2 1921
39 3 1920
39 4 1919
39 6 1917
39 10 1913
39 14 1909
39 15 1908
39 16 1907
39 18 1905
39 21 1902
39 22 1901
39 23 1900
39 25 1947
39 26 1948
39 28 1950
39 33 1955
39 39 1961
39 40 1962
39 42 1964
39 43 1965
39 44 1966
39 48 1970
40 1 1923
40 2 1924
40 7 1929
40 8 1930
40 10 1932
40 12 1934
40 14 1936
40 15 1937
40 17 1939
40 18 1940
40 20 1942
40 25 1998
40 29 1994
40 31 1992
40 32 1991
40 33 1990
40 38 1985
40 39 1984
40 40 1983
40 42 1981
40 44 1979
40 47 1976
40 49 1974
41 1 2022
41 2 2021
41 8 2015
41 9 2014
41 14 2009
41 15 2008
41 16 2007
41 18 2005
41 20 2003
41 23 2000
41 35 2057
41 36 2058
41 38 2060
41 41 2063
41 42 2064
41 43 2065
41 47 2069
41 48 2070
42 1 2023
42 15 2037
42 16 2038
42 22 2044
42 24 2099
42 29 2094
42 30 2093
42 32 2091
42 34 2089
42 35 2088
42 36 2087
42 38 2085
42 41 2082
42 42 2081
42 43 2080
42 45 2078
42 46 2077
42 47 2076
42 48 2075
43 1 2122
43 2 2121
43 3 2120
43 4 2119
43 8 2115
43 15 2108
43 21 2102
43 22 2101
43 24 2146
43 29 2151
43 33 2155
43 35 2157
43 38 2160
43 39 2161
43 42 2164
43 43 2165
43 44 2166
43 45 2167
43 46 2168
44 3 2125
44 8 2130
44 9 2131
44 10 2132
44 11 2133
44 13 2135
44 21 2143
44 22 2144
44 25 2198
44 28 2195
44 30 2193
44 33 2190
44 34 2189
44 35 2188
44 38 2185
44 41 2182
44 44 2179
44 46 2177
44 48 2175
44 50 2272
45 4 2219
45 5 2218
45 6 2217
45 9 2214
45 10 2213
45 14 2209
45 16 2207
45 22 2201
45 24 2246
45 34 2256
45 35 2257
45 37 2259
45 39 2261
45 47 2269
45 49 2271
45 50 2273
46 3 2225
46 5 2227
46 7 2229
46 9 2231
46 12 2234
46 14 2236
46 17 2239
46 22 2244
46 24 2299
46 25 2298
46 26 2297
46 29 2294
46 32 2291
46 33 2290
46 36 2287
46 37 2286
46 41 2282
46 45 2278
46 49 2274
47 3 2320
47 6 2317
47 8 2315
47 11 2312
47 13 2310
47 17 2306
47 20 2303
47 24 2346
47 26 2348
47 27 2349
47 30 2352
47 31 2353
47 37 2359
47 38 2360
47 41 2363
47 42 2364
47 45 2367
47 50 2373
48 6 2328
48 7 2329
48 9 2331
48 11 2333
48 13 2335
48 16 2338
48 17 2339
48 18 2340
48 21 2343
48 23 2345
48 29 2394
48 32 2391
48 33 2390
48 39 2384
48 40 2383
48 42 2381
48 45 2378
48 47 2376
48 48 2375
49 2 2421
49 8 2415
49 11 2412
49 13 2410
49 14 2409
49 18 2405
49 20 2403
49 27 2449
49 28 2450
49 29 2451
49 31 2453
49 32 2454
49 38 2460
49 39 2461
49 41 2463
49 42 2464
49 43 2465
49 44 2466
49 49 2471
50 1 2423
50 7 2429
50 9 2431
50 11 2433
50 13 2435
50 16 2438
50 21 2443
50 24 2500
50 26 2498
50 28 2496
50 30 2494
50 31 2493
50 33 2491
50 34 2490
50 38 2486
50 44 2480
50 45 2479
50 47 2477
50 49 2475
50 50 2474
0.01