19 19 2 144
1 2 12
1 3 13
1 4 14
1 10 20
1 11 21
1 12 22
1 14 24
1 15 25
1 16 26
1 17 27
1 18 28
2 1 10
2 2 46
2 4 44
2 6 42
2 11 37
2 14 34
2 19 64
3 1 9
3 4 49
3 5 50
3 9 54
3 15 60
3 16 61
3 18 63
3 19 65
4 2 82
4 3 81
4 8 76
4 11 73
5 6 87
5 11 92
6 2 118
6 3 117
6 5 115
6 7 113
6 9 111
6 10 110
6 12 108
6 14 106
7 1 5
7 5 122
7 6 123
7 8 125
7 9 126
7 10 127
7 11 128
7 17 134
7 19 137
8 4 152
8 5 151
8 10 146
8 12 144
8 13 143
8 16 140
8 18 138
9 1 156
9 2 154
9 4 160
9 8 164
9 12 168
9 18 174
10 1 157
10 2 158
10 3 159
10 8 187
10 12 183
10 14 181
10 16 179
10 17 178
11 1 194
11 2 193
11 4 191
11 5 1
11 8 202
11 11 205
11 12 206
11 13 207
11 14 208
11 15 209
11 16 210
12 1 195
12 8 225
12 14 219
12 15 218
12 16 217
12 17 216
12 18 215
13 1 232
13 4 229
13 6 238
13 7 239
13 9 241
13 12 244
13 16 248
13 18 250
13 19 252
14 1 233
14 2 234
14 4 236
14 8 263
14 11 260
14 14 257
14 15 256
14 16 255
14 17 254
15 1 270
15 10 280
15 11 281
15 12 282
15 14 284
15 15 285
15 17 287
15 18 288
16 1 271
16 6 303
16 8 301
16 9 300
16 12 297
16 14 295
16 15 294
17 1 308
17 4 305
17 8 316
17 10 318
17 11 319
17 13 321
17 18 326
18 6 354
18 7 353
18 11 345
18 12 342
18 15 337
18 17 333
18 18 329
19 1 361
19 3 359
19 6 356
19 9 351
19 11 347
19 12 344
19 16 336
19 18 332
19 19 331
740.0